11.1374
Positions
0 0 0
0 0 -36.697
-3.6748 0 -196.922
-33.6869 0 -469.771
-10.7931 0 -829.981
34.3826 0 -1251.5
-3.83412 0 -1720.54
-24.4745 0 -2230.13
38.2129 0 -2769.85
-24.1134 0 -3341.93
-22.4915 0 -3926.54
23.283 0 -4528.68
-9.60839 0 -4962.63
Orientations
1 0 0 0
1 0 0 0
0.956417 0 0 0.292004
0.998525 0 0 -0.0539241
0.987118 0 0 0.159993
0.987849 0 0 0.155417
0.970407 0 0 0.241474
0.923056 0 0 -0.384666
0.953937 0 0 0.300006
0.997116 0 0 -0.0758844
0.922202 0 0 -0.386709
0.930851 0 0 0.365399
0.999452 0 0 0.033084
