18.1591
Positions
0 0 0
0 0 0
19.8908 0 0
-9.70843 0 0
-23.7235 0 0
-12.1373 0 0
-21.9688 0 0
19.8094 0 0
-10.8934 0 0
-27.0609 0 0
-39.8605 0 -0.707986
-36.4795 0 -104.27
17.6976 0 -386.825
-13.8562 0 -821.357
-2.18331 0 -1382.93
23.5794 0 -2042.77
-40.8178 0 -2800.03
3.31081 0 -3610.88
-11.3791 0 -4464.73
-10.9872 0 -5133.58
-10.8409 0 -5384.4
-10.7793 0 -5489.96
-10.7551 0 -5531.43
Orientations
1 0 0 0
0.999992 0 0 -0.0039984
0.925664 0 0 0.378348
0.946407 0 0 -0.322975
0.999255 0 0 0.0385842
0.994863 0 0 0.101222
0.973912 0 0 -0.226926
0.95905 0 0 0.283237
0.99999 0 0 0.00141296
0.999999 0 0 8.55227e-06
0.999999 0 0 5.39507e-08
0.993511 0 0 -0.113735
0.880345 0 0 0.474334
0.919249 0 0 -0.393678
0.988562 0 0 0.150816
0.969947 0 0 0.243317
0.980605 0 0 -0.195993
0.993576 0 0 0.113166
0.997093 0 0 -0.076184
0.999974 0 0 -0.00375563
0.999998 0 0 -0.000286187
1 0 0 -2.21211e-05
1 0 0 -1.66648e-06
